%YAML:1.0
---
K: !!opencv-matrix
   rows: 3
   cols: 3
   dt: d
   data: [ 1.3428384775244722e+03, 0., 9.5544270889848224e+02, 0.,
       1.3318461576542356e+03, 6.0873532247526055e+02, 0., 0., 1. ]
D: !!opencv-matrix
   rows: 1
   cols: 5
   dt: d
   data: [ 4.5326519168479150e-02, -1.7991374027640031e-01,
       1.1571121085583028e-03, -4.0008404693163310e-04,
       2.6280562111906969e-01 ]
H: !!opencv-matrix
   rows: 3
   cols: 3
   dt: d
   data: [ 4.0279053747322813e-01, 8.2376648186068088e-02,
       -9.2148773657131116e+01, -4.4869435753924188e-03,
       4.9061600350179629e-01, -2.1062246189751339e+00,
       -4.8376657283535139e-06, 2.7625273601569273e-04, 1. ]
