%YAML:1.0
---
K: !!opencv-matrix
   rows: 3
   cols: 3
   dt: d
   data: [ 1.3428384775244722e+03, 0., 9.5544270889848224e+02, 0.,
       1.3318461576542356e+03, 6.0873532247526055e+02, 0., 0., 1. ]
D: !!opencv-matrix
   rows: 1
   cols: 5
   dt: d
   data: [ 4.5326519168479150e-02, -1.7991374027640031e-01,
       1.1571121085583028e-03, -4.0008404693163310e-04,
       2.6280562111906969e-01 ]
H: !!opencv-matrix
   rows: 3
   cols: 3
   dt: d
   data: [ 7.3095801411629258e-01, 4.4017423354750523e-01,
       -4.0974461161974079e+02, 3.0989976958565355e-02,
       1.6063173412809721e+00, -3.5976506730535419e+02,
       6.5438343264093615e-05, 1.6026588840342513e-03, 1. ]
