%YAML:1.0
---
K: !!opencv-matrix
   rows: 3
   cols: 3
   dt: d
   data: [ 1.3428384775244722e+03, 0., 9.5544270889848224e+02, 0.,
       1.3318461576542356e+03, 6.0873532247526055e+02, 0., 0., 1. ]
D: !!opencv-matrix
   rows: 1
   cols: 5
   dt: d
   data: [ 4.5326519168479150e-02, -1.7991374027640031e-01,
       1.1571121085583028e-03, -4.0008404693163310e-04,
       2.6280562111906969e-01 ]
H: !!opencv-matrix
   rows: 3
   cols: 3
   dt: d
   data: [ 4.0001535583217207e-01, 7.6268437587296886e-02,
       -9.8599453286756614e+01, -2.6182829258087790e-03,
       5.0981370257440983e-01, -2.2612520874508018e+01,
       -3.5127119503420408e-05, 3.1362392632748994e-04, 1. ]
