%YAML:1.0
---
K: !!opencv-matrix
   rows: 3
   cols: 3
   dt: d
   data: [ 1.6019305867369526e+03, 0., 9.7889224042487672e+02, 0.,
       1.6732654476516227e+03, 4.1281020871466774e+02, 0., 0., 1. ]
D: !!opencv-matrix
   rows: 1
   cols: 5
   dt: d
   data: [ 5.6630890600892658e-02, -2.7322921815234624e-01,
       2.6030812490532023e-03, 5.9560830421499398e-03,
       7.4473569734953515e-01 ]
